tree_results.txt
William Kelley
CS372



a)  In-Order Traversal:
17|18|19|20|21|22|23|24|25|26|27|28|29|30|31|32|33|34|35|36|37|38|39|40|41|42|43|44|45|46|47|48|49|50|51|52|53|54|55|56|57|58|59|60|61|62|63|64|65|66|67|68|69|70|71|72|73|74|75|76|77|78|79|80|81|82|83|84|85|86|87|88|89|90|91|92|94|95|96|97|98|99|100|101|102|103|104|105|106|107|108|109|110|111|112|113|114|115|116|117|118|119|120|121|122|123|124|125|126|127|128|129|130|131|132|133|134|135|136|137|138|139|140|141|142|143|144|145|146|147|148|149|150|151|152|153|154|155|156|157|158|159|160|161|162|163|164|165|166|167|168|169|170|171|172|173|174|175|176|177|178|179|180|181|182|183|184|185|186|187|188|189|190|191|
b)  Pre-Order Traversal:
58|51|29|23|20|19|17|18|22|21|28|26|25|24|27|44|37|33|31|30|32|34|35|36|39|38|43|40|41|42|49|46|45|48|47|50|54|53|52|55|57|56|109|92|59|69|66|60|62|61|65|63|64|67|68|88|77|75|71|70|74|73|72|76|83|81|79|78|80|82|85|84|87|86|90|89|91|96|95|94|108|104|101|100|97|99|98|103|102|106|105|107|111|110|166|120|119|113|112|117|116|115|114|118|150|122|121|134|131|129|126|123|125|124|128|127|130|133|132|149|135|137|136|142|140|138|139|141|148|143|146|144|145|147|156|154|152|151|153|155|162|158|157|161|159|160|165|163|164|178|170|169|167|168|174|172|171|173|176|175|177|183|180|179|182|181|189|186|185|184|187|188|190|191|
c)  Post-Order Traversal:
18|17|19|21|22|20|24|25|27|26|28|23|30|32|31|36|35|34|33|38|42|41|40|43|39|37|45|47|48|46|50|49|44|29|52|53|56|57|55|54|51|61|64|63|65|62|60|68|67|66|70|72|73|74|71|76|75|78|80|79|82|81|84|86|87|85|83|77|89|91|90|88|69|59|94|95|98|99|97|100|102|103|101|105|107|106|104|108|96|92|110|112|114|115|116|118|117|113|119|121|124|125|123|127|128|126|130|129|132|133|131|136|139|138|141|140|145|144|147|146|143|148|142|137|135|149|134|122|151|153|152|155|154|157|160|159|161|158|164|163|165|162|156|150|120|168|167|169|171|173|172|175|177|176|174|170|179|181|182|180|184|185|188|187|186|191|190|189|183|178|166|111|109|58|
d)  Number of Nodes: 1000
e)  Sum of Tree: 104505
    Average Tree Value: 104
f)  Number of Duplicates: 172
g)  Number of Leaves: 62
h)  Single Child Nodes: 51
i)  Deepest Node Value: 145
j)  Number of Nodes(Left Subtree): 227
    Number of Nodes(Right Subtree): 770
