839 331
875 492
732 578
4 422
325 229
868 511
612 824
63 107
667 857
896 272
983 745
413 359
102 609
875 466
100 959
729 2
996 533
592 213
585 417
581 83
117 150
415 458
343 553
514 493
820 485
667 107
986 26
790 66
886 326
374 545
962 916
449 6
887 717
349 882
2 317
128 165
77 693
671 590
639 76
657 301
687 612
915 319
83 481
501 268
691 334
758 401
125 792
652 310
136 839
464 824
827 613
909 274
681 516
389 645
338 150
75 563
437 529
719 78
712 989
774 714
842 267
502 948
59 728
423 4
504 516
172 547
60 76
149 425
367 630
671 897
166 503
154 637
342 946
970 761
379 364
960 242
477 987
368 329
603 478
153 210
727 864
255 472
352 512
682 42
944 346
804 846
39 770
670 852
600 611
979 395
587 723
624 69
653 721
172 497
57 194
256 386
573 351
453 838
322 49
369 298
324 293
72 790
194 907
841 939
803 199
495 911
563 732
602 31
766 5
789 789
435 190
937 342
33 641
280 579
354 103
262 820
16 20
857 583
963 509
969 643
298 845
911 982
447 788
448 156
601 839
404 420
984 137
255 553
367 579
889 608
311 181
905 942
879 631
382 274
587 873
7 355
962 840
364 961
946 126
636 428
728 112
82 225
808 133
990 505
868 915
95 935
213 227
757 11
23 874
623 526
385 558
960 378
296 912
314 169
804 296
933 343
355 30
920 632
961 545
510 658
767 121
459 551
132 408
919 211
641 772
537 169
257 424
412 260
212 770
127 719
552 964
717 166
983 52
644 986
891 369
685 306
909 774
840 648
175 229
19 955
253 442
997 749
757 991
137 109
229 413
255 463
204 423
452 869
588 36
316 172
109 509
795 224
630 537
722 131
730 942
197 646
193 966
624 244
472 121
70 396
735 286
533 381
478 123
407 510
728 557
876 669
219 376
480 195
212 371
546 380
16 224
126 579
564 436
172 563
666 5
991 37
553 204
646 406
337 745
136 277
614 945
344 979
162 766
232 453
183 445
590 626
692 325
605 397
726 428
869 512
319 381
504 572
165 701
679 829
86 491
851 463
510 160
701 722
517 711
394 587
321 920
841 733
271 519
834 916
118 798
492 52
306 714
396 377
634 899
896 507
439 246
339 379
12 751
967 573
136 178
866 221
333 66
285 787
960 161
803 903
393 837
560 780
586 881
882 717
189 395
803 866
274 114
589 243
402 208
39 901
771 390
575 303
109 75
336 924
343 550
527 551
824 926
830 918
265 956
96 743
774 552
133 774
260 950
480 697
85 439
814 284
517 418
640 651
194 585
770 648
802 932
775 97
436 711
35 624
642 846
819 131
901 62
463 828
12 491
865 139
573 969
495 699
793 24
643 505
875 275
130 341
480 671
968 543
334 82
315 858
120 937
739 862
337 946
697 929
407 601
676 672
187 624
758 833
839 27
61 584
899 61
213 195
693 860
332 753
202 457
349 599
159 871
400 823
699 874
492 80
255 698
518 17
772 193
875 384
573 23
843 536
729 279
558 402
76 831
479 478
191 627
783 208
942 991
557 188
39 932
760 235
7 114
249 463
528 140
99 724
506 494
378 151
761 138
571 342
313 157
179 490
992 599
138 668
755 507
563 901
235 919
364 284
571 543
507 562
616 365
819 403
306 623
412 683
22 561
593 716
419 278
872 887
550 504
718 46
896 653
165 995
181 546
925 726
697 703
497 938
204 992
144 537
863 287
898 488
619 592
681 675
300 116
947 290
669 628
500 152
104 776
458 232
658 77
383 111
869 395
155 787
957 642
30 263
125 171
215 244
425 809
727 460
232 93
92 106
523 449
553 730
735 933
336 230
61 680
190 688
342 812
36 748
450 82
727 437
436 793
863 232
780 827
762 437
859 403
959 335
633 79
530 326
539 962
962 854
57 930
754 996
730 62
81 933
872 382
366 259
280 647
139 895
324 931
946 22
396 808
773 873
730 836
269 140
235 104
767 804
618 769
11 871
625 314
455 541
83 122
629 69
131 476
669 119
64 804
151 551
122 996
252 491
560 931
962 37
892 552
610 221
739 820
13 994
651 427
334 970
550 234
52 317
536 615
408 259
480 983
170 358
828 46
312 432
211 806
35 190
917 555
548 29
912 142
769 190
300 771
551 825
293 874
791 737
797 515
200 270
746 530
485 776
838 215
815 240
565 498
319 629
84 157
192 33
483 647
119 607
160 752
641 131
586 800
338 728
527 837
407 50
432 891
74 989
896 631
759 980
829 255
522 818
688 225
56 766
688 500
946 47
